4096	3811	3861	3739	0	0	0	0	1768484339682
4112	3880	3924	3780	0	0	0	0	1768484341212
4097	3920	3956	3854	0	0	0	0	1768484342618
4136	3933	3974	0	0	0	0	0	1768484343837
4110	3956	4000	3867	0	0	0	0	1768484345207
4100	3967	3893	3874	0	0	0	0	1768484346641
4121	3874	3867	3892	0	0	0	0	1768484348071
4067	3920	3979	3855	0	0	0	0	1768484349374
4119	3947	0	3857	0	0	0	0	1768484350735
4078	0	3944	3803	0	0	0	0	1768484351964
4076	4001	3988	3881	0	0	0	0	1768484353295
4107	3861	4004	3697	0	0	0	0	1768484354801
4090	3905	0	3775	0	0	0	0	1768484356148
4127	3947	4016	3876	0	0	0	0	1768484357259
4079	3955	3997	3802	0	0	0	0	1768484358415
4105	3972	3920	3820	0	0	0	0	1768484359543
4075	3953	3966	3686	0	0	0	0	1768484360667
4077	3968	3978	3833	0	0	0	0	1768484361794
4103	3974	4014	3855	0	0	0	0	1768484363155
4101	3985	3988	3843	0	0	0	0	1768484364456
4125	3984	3889	3816	0	0	0	0	1768484365795
4131	3963	3936	3732	0	0	0	0	1768484367248
4070	3945	3968	0	0	0	0	0	1768484368525
4081	3925	3970	3866	0	0	0	0	1768484369891
4090	4016	4014	3874	0	0	0	0	1768484371319
4137	3881	3861	3841	0	0	0	0	1768484372547
4082	0	3925	3836	0	0	0	0	1768484373981
4095	3915	3962	3856	0	0	0	0	1768484375404
4027	3964	0	3863	0	0	0	0	1768484376847
4060	3874	4002	3855	0	0	0	0	1768484378046
4087	0	4027	3843	0	0	0	0	1768484379480
4111	3918	3861	3685	0	0	0	0	1768484380564
4090	3923	3927	3774	0	0	0	0	1768484381664
4086	3953	3954	3886	0	0	0	0	1768484382756
4101	3969	3996	3723	0	0	0	0	1768484383895
4102	3978	3905	3785	0	0	0	0	1768484385140
4127	3823	3954	3805	0	0	0	0	1768484386476
4127	3888	3955	3845	0	0	0	0	1768484387914
4022	3982	4042	3918	0	0	0	0	1768484389344
4084	3985	3837	0	0	0	0	0	1768484390706
4085	3965	3927	3734	0	0	0	0	1768484392001
4138	3887	3975	3792	0	0	0	0	1768484393434
4083	0	4013	3804	0	0	0	0	1768484394940
4106	3938	4029	3814	0	0	0	0	1768484396170
4084	4002	3893	3905	0	0	0	0	1768484397564
4088	3946	3888	3818	0	0	0	0	1768484398935
4125	3925	3928	3853	0	0	0	0	1768484400203
4098	3842	3979	3749	0	0	0	0	1768484401598
4104	3906	0	3852	0	0	0	0	1768484402726
4092	3934	4003	3882	0	0	0	0	1768484403906
4111	3923	4003	3825	0	0	0	0	1768484405037
4071	3953	3887	3831	0	0	0	0	1768484406136
4090	3969	3917	3726	0	0	0	0	1768484407440
4111	3969	3999	3856	0	0	0	0	1768484408719
4042	3979	4011	3870	0	0	0	0	1768484410152
4083	3945	3880	3885	0	0	0	0	1768484411491
4100	3861	3944	3830	0	0	0	0	1768484412796
4114	0	4007	3847	0	0	0	0	1768484414150
4131	3899	4015	3836	0	0	0	0	1768484415580
4032	3994	3824	3848	0	0	0	0	1768484417017
4074	3944	3903	0	0	0	0	0	1768484418318
4068	0	3958	3800	0	0	0	0	1768484419649
4092	3962	3985	3791	0	0	0	0	1768484420854
4098	3969	4011	3821	0	0	0	0	1768484422210
4094	3953	3937	3839	0	0	0	0	1768484423469
4110	3964	3947	3855	0	0	0	0	1768484424973
4112	3996	0	3865	0	0	0	0	1768484426276
4117	3980	3977	3868	0	0	0	0	1768484427431
4086	3938	4011	3810	0	0	0	0	1768484428560
4087	3957	3874	3837	0	0	0	0	1768484429684
4112	3977	3855	3856	0	0	0	0	1768484430743
4091	3996	3910	3817	0	0	0	0	1768484431973
4100	4000	3974	3840	0	0	0	0	1768484433353
4113	3967	3994	3829	0	0	0	0	1768484434774
4072	3956	3899	3837	0	0	0	0	1768484436272
4050	3943	3951	0	0	0	0	0	1768484437471
4092	0	3970	3848	0	0	0	0	1768484438871
4116	3997	4014	3856	0	0	0	0	1768484440202
4096	3978	4016	3865	0	0	0	0	1768484441491
4113	4031	3914	3866	0	0	0	0	1768484442864
4041	3956	3874	0	0	0	0	0	1768484444289
4080	3835	0	3932	0	0	0	0	1768484445495
4107	3917	3928	3802	0	0	0	0	1768484446887
4083	3950	3985	3803	0	0	0	0	1768484448151
4097	3967	4004	3826	0	0	0	0	1768484449656
4077	3973	4024	0	0	0	0	0	1768484450852
4097	3980	3924	3847	0	0	0	0	1768484451903
4089	3999	3973	3866	0	0	0	0	1768484453064
4108	3969	3999	3884	0	0	0	0	1768484454158
4121	4025	4002	3837	0	0	0	0	1768484455495
4046	3899	4036	3864	0	0	0	0	1768484456932
4095	3938	3899	3855	0	0	0	0	1768484458284
4080	3966	0	3887	0	0	0	0	1768484459658
4126	4011	3971	3908	0	0	0	0	1768484461020
4107	0	4022	3874	0	0	0	0	1768484462451
4105	3992	4010	3878	0	0	0	0	1768484463874
4092	3805	0	3878	0	0	0	0	1768484465320
4087	3874	3855	3944	0	0	0	0	1768484466448
4124	3910	3921	3894	0	0	0	0	1768484467748
4103	3947	3965	3886	0	0	0	0	1768484469182
4060	3960	3893	0	0	0	0	0	1768484470683
4091	3965	0	3831	0	0	0	0	1768484471961
4106	3868	3933	3862	0	0	0	0	1768484473104
4085	3917	3982	3864	0	0	0	0	1768484474198
4101	3999	3899	3868	0	0	0	0	1768484475279
4116	4003	3942	3849	0	0	0	0	1768484476450
4017	3874	3918	3866	0	0	0	0	1768484477681
4068	3928	3957	3861	0	0	0	0	1768484479115
4091	3950	3975	3863	0	0	0	0	1768484480474
4082	3950	4000	3861	0	0	0	0	1768484481740
4116	0	4016	3868	0	0	0	0	1768484483109
4035	3972	3886	3870	0	0	0	0	1768484484541
4075	3932	0	3871	0	0	0	0	1768484485975
4080	3935	3923	3816	0	0	0	0	1768484487264
4104	0	3988	3829	0	0	0	0	1768484488637
4102	4005	4005	0	0	0	0	0	1768484489831
4117	3945	3880	3839	0	0	0	0	1768484491299
4101	3874	4010	3857	0	0	0	0	1768484492689
4088	3922	0	3861	0	0	0	0	1768484494060
4086	3954	3893	0	0	0	0	0	1768484495353
4111	4012	3934	3849	0	0	0	0	1768484496453
4121	3811	3988	3861	0	0	0	0	1768484498405
4015	3879	3900	3873	0	0	0	0	1768484498804
4067	3929	4005	3886	0	0	0	0	1768484499791
4087	3967	3923	3886	0	0	0	0	1768484501057
4086	3976	3969	3842	0	0	0	0	1768484502359
4107	3861	3989	3867	0	0	0	0	1768484503786
4116	3962	4005	3947	0	0	0	0	1768484505226
4072	0	4044	3707	0	0	0	0	1768484506489
4090	3957	3905	3771	0	0	0	0	1768484507816
4083	3987	3958	3799	0	0	0	0	1768484509016
4101	3973	3979	3839	0	0	0	0	1768484510380
4123	3922	3994	3853	0	0	0	0	1768484511808
4090	3950	0	3836	0	0	0	0	1768484513247
4116	3976	4019	0	0	0	0	0	1768484514542
4083	3991	4001	3851	0	0	0	0	1768484515877
4101	4001	0	3837	0	0	0	0	1768484517133
4090	3988	4041	0	0	0	0	0	1768484518655
4106	3995	0	3854	0	0	0	0	1768484519899
4070	4001	4031	3854	0	0	0	0	1768484521059
4125	4014	3893	3857	0	0	0	0	1768484522154
4080	4003	3937	3689	0	0	0	0	1768484523249
4081	3979	4000	3845	0	0	0	0	1768484524399
4105	3979	4007	3846	0	0	0	0	1768484525839
4030	3979	4021	3849	0	0	0	0	1768484527104
4074	3967	3963	3822	0	0	0	0	1768484528473
4082	0	3995	3695	0	0	0	0	1768484529903
4109	3981	4012	3854	0	0	0	0	1768484531131
4085	3995	4024	3874	0	0	0	0	1768484532601
4083	3996	4036	3691	0	0	0	0	1768484534031
4093	3948	0	3775	0	0	0	0	1768484535434
4112	3952	3881	3845	0	0	0	0	1768484536622
4116	3849	3960	0	0	0	0	0	1768484538060
4050	3901	3985	3946	0	0	0	0	1768484539558
4106	3936	0	3879	0	0	0	0	1768484540991
4100	3951	3931	3720	0	0	0	0	1768484542122
4126	3988	3894	3787	0	0	0	0	1768484543247
4132	3990	3947	3821	0	0	0	0	1768484544342
4025	3981	3998	3902	0	0	0	0	1768484545399
4068	3982	3992	3873	0	0	0	0	1768484546548
4064	3988	4007	3744	0	0	0	0	1768484547986
4087	3848	3913	3796	0	0	0	0	1768484549353
4098	3908	3965	3814	0	0	0	0	1768484550644
4098	3997	3986	3902	0	0	0	0	1768484552078
4078	0	3963	3719	0	0	0	0	1768484553486
4083	3996	3880	0	0	0	0	0	1768484554918
4117	3835	3929	3765	0	0	0	0	1768484556151
4093	0	3974	3811	0	0	0	0	1768484557580
4117	3876	4004	0	0	0	0	0	1768484558782
4033	3977	3918	3831	0	0	0	0	1768484560143
4085	3993	3957	3861	0	0	0	0	1768484561580
4102	3948	0	3655	0	0	0	0	1768484563008
4142	0	3968	3722	0	0	0	0	1768484564313
4095	3944	3984	3756	0	0	0	0	1768484565390
4077	4011	3991	3860	0	0	0	0	1768484566493
4102	3996	3880	3734	0	0	0	0	1768484567625
4086	3882	3955	3789	0	0	0	0	1768484568742
4111	3924	4000	3807	0	0	0	0	1768484570080
4115	3993	4028	3823	0	0	0	0	1768484571307
4111	3919	3906	3892	0	0	0	0	1768484572746
4095	3931	3961	3727	0	0	0	0	1768484574170
4079	3855	3886	0	0	0	0	0	1768484575537
4104	3912	0	3854	0	0	0	0	1768484576737
4122	3984	3941	3809	0	0	0	0	1768484578134
4091	0	3994	3822	0	0	0	0	1768484579395
4092	3881	3886	0	0	0	0	0	1768484580829
4074	3941	0	3850	0	0	0	0	1768484582185
4092	3955	3955	3817	0	0	0	0	1768484583488
4110	4027	4001	3763	0	0	0	0	1768484584922
4083	3836	4017	3802	0	0	0	0	1768484586355
4040	0	3994	3698	0	0	0	0	1768484587789
4092	3908	3911	3778	0	0	0	0	1768484588903
4116	3916	3955	3840	0	0	0	0	1768484589949
4109	3943	4001	3888	0	0	0	0	1768484591132
4116	3955	4020	3874	0	0	0	0	1768484592257
4131	3874	4044	3722	0	0	0	0	1768484593420
4042	3931	3911	3773	0	0	0	0	1768484594854
4084	3949	3948	3866	0	0	0	0	1768484596354
4106	4011	3977	3848	0	0	0	0	1768484597723
4101	3961	0	3734	0	0	0	0	1768484598914
4080	3905	3995	3797	0	0	0	0	1768484600281
4085	3942	4009	3820	0	0	0	0	1768484601577
4107	3975	3886	3839	0	0	0	0	1768484602946
4082	3973	3950	3860	0	0	0	0	1768484604348
4120	0	3995	3865	0	0	0	0	1768484605579
4042	3956	4014	3685	0	0	0	0	1768484607040
4081	3985	4021	3828	0	0	0	0	1768484608436
4083	3922	3936	3830	0	0	0	0	1768484609806
4126	3930	3968	0	0	0	0	0	1768484611014
4096	3964	3999	3860	0	0	0	0	1768484612170
4090	3975	4008	3674	0	0	0	0	1768484613286
4107	3880	4014	3756	0	0	0	0	1768484614384
4109	3909	3880	3883	0	0	0	0	1768484615717
4122	3939	3933	3855	0	0	0	0	1768484617002
4093	4002	3980	3857	0	0	0	0	1768484618442
4121	3956	4003	3697	0	0	0	0	1768484619810
4015	3836	0	3746	0	0	0	0	1768484621073
4071	3892	3905	3854	0	0	0	0	1768484622505
4097	3910	3953	3924	0	0	0	0	1768484623871
4076	4025	3981	3905	0	0	0	0	1768484625343
4102	0	3964	3691	0	0	0	0	1768484626602
4027	4011	3874	0	0	0	0	0	1768484628039
4071	3899	0	3809	0	0	0	0	1768484629366
4097	3932	3923	3822	0	0	0	0	1768484630695
4091	3937	3958	3848	0	0	0	0	1768484632029
4117	3960	3998	0	0	0	0	0	1768484633458
4025	3849	4014	3863	0	0	0	0	1768484634484
4072	3918	3899	3864	0	0	0	0	1768484635637
4100	3951	3953	3873	0	0	0	0	1768484636736
4101	3961	3965	3855	0	0	0	0	1768484637825
4137	3971	4003	3809	0	0	0	0	1768484639052
